[[[1,-0.000003,-0.000018,16.307861,0.000003,1,-0.000002,1053.958984,0.000018,0.000002,1,22.068872],[0.999998,0.000017,-0.000017,31.807129,-0.000017,0.999998,0.000001,2083.626953,0.000017,-0.000001,0.999998,21.050966],[0.999998,0.000013,-0.00002,-297.598877,-0.000013,0.999998,0,-19379.451172,0.00002,0,0.999998,24.851381],[1.000001,0.000012,-0.000025,-278.376953,-0.000012,1.000001,0,-18328.089844,0.000025,0,1.000001,30.70776],[1.000005,0.000021,-0.000013,-257.111328,-0.000021,1.000005,0.000001,-17283.902344,0.000013,-0.000001,1.000005,15.526458]],[],[],[],[[1.00001,-0.000003,-0.000019,26.831827,0.000003,1.00001,0.000001,985.674866,0.000019,-0.000001,1.00001,23.286865],[1.000035,-0.000038,-0.00001,68.076439,0.000038,1.000035,0,2036.490601,0.00001,0,1.000035,12.023438],[1.000038,0.00011,-0.00001,108.852165,-0.00011,1.000038,-0.000001,2810.505615,0.00001,0.000001,1.000038,12.368896],[0.999985,0.000037,-0.000029,-15770.610352,-0.000037,0.999985,-0.000001,1222.268433,0.000029,0.000001,0.999985,36.153809],[-1.000035,0.000038,0.00001,-2474101.25,-0.000038,-1.000035,0,-307347.40625,0.00001,0,1.000035,12.046387]],[],[],[],[],[],[],[],[[-0.000001,-0.99998,0.000001,-1361344.875,0.99998,-0.000001,-0.000001,1072806.25,0.000001,0.000001,0.99998,8851.981445]],[],[[-0.999996,0.000001,-0.000005,-2458380.75,-0.000001,-0.999996,0.000001,-313788.21875,-0.000005,0.000001,0.999996,-5.532959]],[],[],[],[],[[-0.000011,0.999997,0.000001,-1073424.75,-0.999997,-0.000011,0,-1383701.375,0,-0.000001,0.999997,0.210804],[1.000013,-0.00001,-0.000004,-28260.800781,0.00001,1.000013,0.000001,5090.943359,0.000004,-0.000001,1.000013,9079.210938]],[],[],[],[],[],[[1.000001,0.000002,0.000001,-61.637695,-0.000002,1.000001,0,-4120.429688,-0.000001,0,1.000001,-0.750611],[1.000001,0.000008,0,-32483.654297,-0.000008,1.000001,0,-3510.880859,0,0,1.000001,8575.421875]],[],[[0.999997,-0.000022,-0.000005,1595.47522,0.000022,0.999997,0,1.5625,0.000005,0,0.999997,120.720398],[0.999973,0,-0.000003,-32459.794922,0,0.999973,0,413.001953,0.000003,0,0.999973,8578.506836]],[],[[-1.000023,0.000008,-0.000005,-2453129.75,-0.000008,-1.000023,0,-314693.625,-0.000005,0,1.000023,-5.904785],[0.999978,-0.000005,0.000014,-32454.414062,0.000005,0.999978,0,419.688477,-0.000014,0,0.999978,8558.517578],[-0.999993,0.000002,-0.000005,-2485519.75,-0.000002,-0.999993,0,-314264.3125,-0.000005,0,0.999993,8569.55957]],[[-0.99968,0.000009,0.000003,-2485201,-0.000009,-0.99968,0.000006,-318522.40625,0.000003,0.000006,0.99968,8583.711914]],[],[],[],[],[],[],[[-0.999992,0.000005,0.000005,-2486544.25,-0.000005,-0.999992,-0.000001,-303644.4375,0.000005,-0.000001,0.999992,5.553711]],[],[],[],[],[],[],[[1.000012,-0.000006,0,-48.47998,0.000006,1.000012,0,-4050.869141,0,0,1.000012,0.245712]],[],[],[[-1.00003,-0.000013,0.000014,-2449937,0.000013,-1.00003,0,-314718,0.000014,0,1.00003,16.25415]],[],[],[],[],[],[],[],[],[],[],[],[],[],[[-0.000001,1.00003,0.000001,-1057224.5,-1.00003,-0.000001,-0.000003,-1390124.125,-0.000003,-0.000001,1.00003,3895.164551]],[],[],[[0.999995,-0.00002,0.00001,1711.165649,0.00002,0.999995,0,498.056641,-0.00001,0,0.999995,-221.980408],[1.000035,0.000006,0.000016,-16011.483398,-0.000006,1.000035,0,2287.070312,-0.000016,0,1.000035,8564.382812]],[],[[-1.000009,0.000001,-0.000001,-2489211.5,-0.000001,-1.000009,-0.000003,-315128.25,-0.000001,-0.000003,1.000009,-1.380371]],[],[],[],[],[],[],[],[],[],[],[[-0.000028,-0.99999,-0.000001,-1395803.875,0.99999,-0.000028,-0.000002,1082200.5,0.000002,-0.000001,0.99999,2.101572],[-0.000012,0.999988,0.000001,-1107766.625,-0.999988,-0.000012,0.000002,-1393650.625,0.000002,-0.000001,0.999988,8797.222656]],[[0.999993,0.000007,0.000012,-17813.730469,-0.000007,0.999994,0.000001,-201.514526,-0.000012,-0.000001,0.999994,8779.583984]],[],[[-1.000004,-0.000002,0.000003,-2485767.5,0.000002,-1.000004,0,-314374.0625,0.000003,0,1.000004,3.872898],[-1.000004,-0.000001,0.000003,-2503477,0.000001,-1.000004,0,-308247.6875,0.000003,0,1.000004,8798.910156]],[],[],[[-0.999945,-0.000001,-0.000016,-2485690.25,0.000001,-0.999944,-0.000002,-314168.78125,-0.000016,-0.000002,0.999944,-19.163818],[0.999984,-0.000001,-0.000002,-17796.335938,0.000001,0.999984,0.000001,1813.854248,0.000002,-0.000001,0.999984,8797.640625],[-0.999982,0.000003,-0.000017,-2503511.75,-0.000003,-0.999982,0,-312364.1875,-0.000017,0,0.999982,8774.325195]],[],[],[],[],[[-1,-0.000004,-0.000001,-2489699,0.000004,-1,-0.000001,-297996.6875,-0.000001,-0.000001,1,-1.75]],[[1.000001,0.000004,0,-58.831299,-0.000004,1.000001,0,-3975.443359,0,0,1.000001,-0.55272]],[],[[0.999779,-0.015364,0.015352,-2876.351318,-0.015351,0.000239,0.999897,-188354.796875,-0.015366,-0.999896,0.000003,-163970.65625]],[],[[1.000015,-0.000007,0.000007,41799,0.000007,1.000015,0,4882.134766,-0.000007,0,1.000015,8340.633789]],[],[[-0.999984,0.000006,0.000004,-2489909.5,-0.000006,-0.999984,-0.000001,-313091.15625,0.000004,-0.000001,0.999984,4.962158]],[],[],[],[],[],[],[],[],[],[],[],[],[[-0.000009,1,-0.000002,-1049521.875,-1,-0.000009,-0.000001,-1355454.5,-0.000001,0.000002,1,-0.956472]],[],[],[[-1.000016,0.000001,-0.000001,-2406386.5,-0.000001,-1.000016,0.000001,-303345.90625,-0.000001,0.000001,1.000016,-1.540771]],[],[],[],[],[],[],[],[],[],[],[],[],[],[],[],[],[],[],[],[],[],[],[],[],[],[],[[-1.000009,0.000013,0.000001,-2420159.25,-0.000013,-1.000009,0,-316318.9375,0.000001,0,1.000009,0.887323]],[],[],[],[],[],[[-0.999986,0.000001,0.000002,-2408888.75,-0.000001,-0.999985,-0.000001,-312722.0625,0.000002,-0.000001,0.999985,2.883301]],[],[],[],[],[],[],[],[],[],[],[],[],[],[],[],[],[],[],[],[[1.000053,-0.000072,0.000004,6655.127441,0.000072,1.000053,0,-2.949219,-0.000004,0,1.000053,-6.018441],[-1.000023,0.000054,-0.000002,-2502116.75,-0.000054,-1.000023,0.000001,-307764.78125,-0.000002,0.000001,1.000023,-2.354332],[-0.999994,0.000042,-0.000002,-2501261.5,-0.000042,-0.999994,0.000001,-307756.9375,-0.000002,0.000001,0.999994,-2.773139],[1.000046,-0.00006,0.000002,18396.015625,0.00006,1.000046,-0.000001,-199.46875,-0.000002,0.000001,1.000046,-3.458216],[1.000046,-0.000061,0.000002,23625.394531,0.000061,1.000046,0,-278.794922,-0.000002,0,1.000046,-3.542429],[1.000054,-0.000096,0.000002,27828.398438,0.000096,1.000054,0,-298.314453,-0.000002,0,1.000054,-3.750764],[1.000049,-0.000061,0.000002,32996.640625,0.000061,1.000049,0,-422.199219,-0.000002,0,1.000049,-3.620083],[0.999965,-0.000076,0.000002,35790.160156,0.000076,0.999965,0,-460.736328,-0.000002,0,0.999965,-1.455817],[1.000022,-0.000052,0.000002,38265.265625,0.000052,1.000022,-0.000001,-518.966797,-0.000002,0.000001,1.000022,-2.49993]],[],[],[],[],[],[],[],[[-1.000005,0.000018,-0.000006,-2468082.75,-0.000018,-1.000005,0,-311852.875,-0.000006,0,1.000005,-7.482029]],[],[],[],[],[[-0.999532,0.030737,0.000004,-2430544,0.030737,0.999532,0,37363.558594,-0.000004,0,-1.000004,45535.023438]],[],[],[],[],[],[],[[-0.000015,0.999968,0.000001,-1081278.5,-0.999968,-0.000015,-0.000001,-1410699.125,-0.000001,-0.000001,0.999968,-1.162365]],[[0.000028,-1.000005,0,-1420647.375,1.000005,0.000028,0.000001,1147921.5,-0.000001,0,1.000005,498.421234],[0.000036,-0.999989,0,-1350850.25,0.999989,0.000036,0.000002,1154209.25,-0.000002,0,0.999989,508.234528]],[],[],[],[[-0.000166,1.000019,0,-1105941.125,-1.000019,-0.000166,0.000001,-1367174.125,0.000001,0,1.000019,405.450073],[-0.000032,-1.000013,0,-1352001.625,1.000013,-0.000032,0,1154245.875,0,0,1.000013,239.690948]],[[0.000088,0.999976,0.000007,-1106678.875,-0.999976,0.000088,-0.000012,-1367063.125,-0.000012,-0.000007,0.999976,484.214386],[0.000079,0.999981,0.000006,-1038468.375,-0.999981,0.000079,-0.000011,-1360740.125,-0.000011,-0.000006,0.999981,495.519531]],[],[],[],[[-0.999939,-0.000004,-0.000002,-2423214,0.000004,-0.999939,0,-309380.75,-0.000002,0,0.999939,-1.321045],[-0.999935,-0.000004,-0.000001,-2418702.25,0.000004,-0.999935,-0.000003,-309448.9375,-0.000001,-0.000003,0.999935,-0.673096],[-0.999899,0.000004,-0.000001,-2415676,-0.000004,-0.999899,0.000001,-309498.4375,-0.000001,0.000001,0.999899,1.319092],[-0.999899,0.000004,-0.000001,-2413474.75,-0.000004,-0.999899,0.000001,-309512.28125,-0.000001,0.000001,0.999899,1.317139],[-1.000007,0.000002,-0.000001,-2417306.25,-0.000002,-1.000007,0,-309491.0625,-0.000001,0,1.000007,-1.125732]],[],[[-0.999995,-0.000006,-0.000004,-2423282,0.000006,-0.999995,-0.000003,-309349.9375,-0.000004,-0.000003,0.999995,-4.757568],[-0.999979,-0.000037,-0.000005,-2418760.75,0.000037,-0.999979,-0.000006,-309378.125,-0.000005,-0.000006,0.999979,-6.495361],[-0.999941,0.000003,0.000005,-2417225.25,-0.000003,-0.999941,0.000007,-309443.3125,0.000005,0.000007,0.999941,7.989258],[-0.999941,-0.000006,0.000005,-2415727.75,0.000006,-0.999941,0.000006,-309453.1875,0.000005,0.000006,0.999941,7.886963],[-0.999999,0.000003,0,-2413596,-0.000003,-0.999999,-0.000006,-309508.90625,0,-0.000006,0.999999,-1.435303]],[],[],[[-1.000054,0.000213,0.000013,-2414546.75,-0.000213,-1.000054,-0.000008,-298201.78125,0.000013,-0.000008,1.000054,13.059127],[-0.999939,0.000064,-0.000006,-2418936.5,-0.000064,-0.999939,-0.000002,-297936.625,-0.000006,-0.000002,0.999939,-6.464066]],[[-0.999594,0.030717,-0.000001,-2415436.5,0.030717,0.999594,-0.00001,37115.207031,0.000001,-0.00001,-1.000066,45101.011719],[1.000002,0.000001,0,5991.775879,-0.000001,1.000002,0.000008,-92.862183,0,-0.000008,1.000002,-0.923096]],[],[],[[1.000131,-0.000007,0.000003,1349.487793,0.000007,1.000131,-0.000005,9.794342,-0.000003,0.000005,1.000131,-5.835938],[0.999997,-0.000006,0,7.373496,0.000006,0.999997,-0.000005,-58.508545,0,0.000005,0.999997,-4498.883789],[0.999991,-0.000006,0,4489.50293,0.000006,0.999991,0.000007,-128.458038,0,-0.000007,0.999991,-4500.484863],[1.000079,-0.00002,0.000008,7596.368164,0.00002,1.000079,-0.000008,-144.37677,-0.000008,0.000008,1.000079,-4510.142578]],[],[],[[1.000025,0.00002,0,4548.673828,-0.00002,1.000025,0,-89.554688,0,0,1.000025,-0.458984]],[],[],[[-1.000006,0.000124,0,-2420505.5,-0.000124,-1.000006,0,-297705.875,0,0,1.000006,-0.111388],[0.999974,-0.000062,0.000007,7450.071289,0.000062,0.999974,0,-43.6875,-0.000007,0,0.999974,-8.284959]],[],[[1.000036,0.000063,0.000001,43819.273438,-0.000063,1.000036,0,716.447266,-0.000001,0,1.000036,2198.205566]],[[-0.030723,-0.999536,0.000053,-1402523.5,-0.999536,0.030723,-0.000021,-1401388.125,0.000019,-0.000053,-1.000008,23266.580078],[-0.00032,-0.015263,0.999985,-1226684.375,-0.015399,-0.999866,-0.015266,-316998.1875,0.999982,-0.015402,0.000085,1268446.625],[0.000304,0.015307,-0.999895,-1203883.875,0.015369,0.999777,0.01531,16866.103516,0.999894,-0.015372,0.000069,1268340.125],[-0.000051,-1.000076,0.00005,-1360113,1.000076,-0.000051,0.000028,1109954.125,-0.000028,0.00005,1.000076,2171.893066],[0.000134,1.000047,0.00003,-1065149.125,-1.000047,0.000134,-0.000041,-1403850.625,-0.000041,-0.00003,1.000047,2143.626221],[-0.015362,0.000247,1.000025,-1244842.25,-0.999907,0.015373,-0.015364,-1403978.75,-0.015375,-1.000025,0.00001,-149354.203125],[0.999509,-0.030673,0.000061,35824.308594,-0.030673,-0.999509,0,-335906.0625,0.000061,-0.000002,-0.99998,23325.808594],[-0.015323,0.000185,0.999842,-1244451.625,-0.999724,0.015365,-0.015324,-1403755.375,-0.015366,-0.999841,-0.00005,-144045.8125]],[],[[-0.015325,-0.999811,-0.015353,-1386212.875,0.000144,0.015353,-0.999928,-139930.546875,0.999929,-0.015325,-0.000091,1267792.375],[0.015347,0.999743,-0.015422,-1046354.25,-0.000332,-0.015419,-0.999861,-140306.15625,-0.999862,0.01535,0.000095,-1242854.75],[-0.015329,-0.999742,-0.015358,-1383832.875,0.000136,0.015358,-0.999859,-141296.734375,0.99986,-0.015329,-0.0001,1272134.625],[0.015358,0.999794,-0.015302,-1049250.125,-0.00033,-0.015298,-0.999911,-146709.34375,-0.99991,0.015361,0.000095,-1232113.875],[0.015324,0.999804,0.015342,-1074858.625,-0.000146,-0.015342,0.999922,-164794.71875,0.999922,-0.015325,-0.000089,1276833.875],[0.015335,0.99967,0.015388,-1070855.625,-0.000129,-0.015388,0.999788,-164839.484375,0.999789,-0.015335,-0.000107,1276664.75],[0.01533,0.999751,0.015386,-1066871.125,-0.000138,-0.015386,0.999868,-164913.015625,0.999869,-0.01533,-0.000098,1276766.25],[0.015341,0.99969,0.015341,-1062857.5,-0.000133,-0.015341,0.999808,-164960.515625,0.999808,-0.015342,-0.000103,1276687.625],[-0.015357,-0.999792,0.015297,-1391217.125,0.000328,0.015294,0.99991,-159942.90625,-0.999909,0.015361,0.000093,-1232112.125],[0.01533,0.999742,0.015393,-1054866,-0.000137,-0.015392,0.99986,-165096.359375,0.999861,-0.01533,-0.000099,1276755.75],[0.015324,0.999794,0.01535,-1050857.625,-0.000145,-0.01535,0.999912,-165163.21875,0.999912,-0.015324,-0.00009,1276821.25],[-0.015372,-0.999715,0.015363,-1383165.25,0.000334,0.015359,0.999833,-156328.90625,-0.999833,0.015375,0.000097,-1231364.125],[-0.030745,-0.999437,0.000028,-1405193,-0.999437,0.030745,0.000101,-1403333.375,-0.000101,-0.000025,-0.99991,22517.980469]],[],[[1.000017,0.000016,-0.000116,626.0625,-0.000016,1.000017,-0.000001,-27.052734,0.000116,0.000001,1.000017,145.4375]],[],[[0.999972,0.000096,0.000007,581.421387,-0.000096,0.999972,0,-134.369141,-0.000007,0,0.999972,-7.998133],[0.000046,-0.999964,0.000022,-1366773.875,0.999964,0.000046,0.00002,1107498.75,-0.00002,0.000022,0.999964,5778.519043],[-0.00017,-0.01532,-0.999924,-1208835.5,-0.015293,-0.999807,0.015321,-319630.53125,-0.999925,0.015294,-0.000064,-1241264.75],[1.000179,0.000035,0.000069,56131.601562,-0.000035,1.000179,0.000005,1359.638672,-0.000069,-0.000005,1.000179,2111.362549],[0.999961,0.000036,-0.00004,56251.957031,-0.000036,0.999961,-0.000004,1319.384766,0.00004,0.000004,0.999961,2251.158203],[-0.000089,0.999913,0.000033,-1065048.875,-0.999913,-0.000089,-0.000026,-1407143.75,-0.000026,-0.000033,0.999913,5763.10791]],[],[],[],[],[],[[-0.999414,-0.00022,0.000031,-2513643,0.00022,-0.999414,0.000024,-297568,0.000031,0.000024,0.999414,4480.24707],[-0.99974,0.000235,-0.000029,-2465935.75,-0.000235,-0.99974,0.000004,-301299.5,-0.000029,0.000004,0.99974,9668.041016]],[],[[1.000109,-0.000343,0.000029,50724.308594,0.000343,1.000109,-0.000009,-4029.759277,-0.000029,0.000009,1.000109,4393.801758],[-0.99938,0.031129,-0.000047,-2513593.25,0.031129,0.99938,0.000004,87938.3125,0.000047,0.000003,-0.999865,36007.757812],[0.999972,-0.000187,0.000038,61406.78125,0.000187,0.999972,0.000008,47896.074219,-0.000038,-0.000008,0.999972,9300.873047],[0.9999,-0.031077,0.000001,-1472.562988,-0.031077,-0.999899,0.000002,-346128.0625,0.000001,-0.000002,-1.000382,35756.367188],[-1.000302,-0.000049,0.000005,-2508142,0.000049,-1.000302,-0.000012,-307107.5625,0.000005,-0.000012,1.000302,9149.893555],[1.000529,-0.000271,0.000014,-4605.251465,0.000271,1.00053,-0.00001,-1536.896973,-0.000014,0.00001,1.00053,4406.95752],[0.999649,-0.015534,-0.015316,-7717.820312,-0.015314,0.00027,-0.99977,-159332.78125,0.015536,0.999766,0.000032,193304.234375]],[],[[-0.999566,0.030579,-0.000007,-2455213.75,0.030579,0.999566,0,37552.4375,0.000007,0,-1.000033,26609.037109],[-0.999743,0.03047,-0.000015,-2439458.5,0.03047,0.999743,0,37200.175781,0.000015,0,-1.000208,26620.970703]],[],[],[[-0.999963,0.000068,-0.000029,-2468400,-0.000068,-0.999963,-0.000005,-307027.0625,-0.000029,-0.000005,0.999963,-36.141846],[-1.00006,0.000167,-0.000016,-2464485,-0.000167,-1.00006,-0.000039,-307225,-0.000016,-0.000039,1.00006,-26.899658],[-1.000064,0.000111,-0.000012,-2432539,-0.000111,-1.000064,-0.000039,-308543.34375,-0.000012,-0.000039,1.000064,7.649902],[0.999987,-0.000011,0.000012,24015.046875,0.000011,0.999987,0.000001,2341.640869,-0.000012,-0.000001,0.999987,15.787354],[-1,0.000145,-0.00002,-2440467.25,-0.000145,-1,-0.00004,-309001.5,-0.00002,-0.00004,1,-30.662842],[-1.000063,-0.000108,0.000002,-2452554.5,0.000108,-1.000063,-0.000002,-308077.03125,0.000002,-0.000002,1.000063,1.697266],[0.999562,-0.0306,0,-33900.410156,-0.0306,-0.999562,-0.000004,-348734.125,0,0.000004,-1.00003,31030.816406],[-1.000079,-0.000049,-0.000017,-2481228.25,0.000049,-1.000079,-0.000002,-311231.59375,-0.000017,-0.000002,1.000079,4407.155762],[-0.999736,0.030658,-0.00002,-2429106.75,0.030658,0.999736,0.000003,45210.34375,0.00002,0.000002,-1.000206,31057.628906],[-1.000019,0.000054,-0.000029,-2463037,-0.000054,-1.000019,0.000003,-306009.53125,-0.000029,0.000003,1.000019,4395.047852],[-0.030713,-0.99953,-0.000035,-1443224.5,-0.99953,0.030713,-0.000011,-1373956.375,0.000012,0.000035,-1.000001,35670.34375],[-0.030676,-0.999698,-0.000015,-1441219.875,-0.999698,0.030676,-0.000011,-1374206.5,0.000011,0.000015,-1.000168,35668.230469],[-0.030686,-0.999484,0,-1425269.875,-0.999484,0.030686,-0.000011,-1378586.875,0.000011,0,-0.999955,35662.820312],[0.030806,0.999551,-0.000011,-1020396.375,0.999551,-0.030806,0.00001,1066888.625,0.00001,-0.000011,-1.000026,35660.242188],[0.030671,0.999476,0.000022,-1016583.375,0.999476,-0.030671,0.000011,1066759.625,0.000012,0.000022,-0.999947,35667.597656],[0.999958,-0.000166,0.000023,-18730.189453,0.000166,0.999958,0.000021,-574.112671,-0.000023,-0.000021,0.999958,9018.480469],[-0.999556,0.03064,-0.00001,-2475879.75,0.03064,0.999556,0.000002,36886.371094,0.00001,0.000002,-1.000026,35663.007812],[-0.999544,0.030579,-0.000006,-2480529.75,0.030579,0.999544,0.000003,36881.023438,0.000006,0.000003,-1.000012,35658.117188],[-0.99993,0.000082,-0.000022,-2490971.75,-0.000082,-0.99993,0.000002,-261381.828125,-0.000022,0.000002,0.99993,9324.241211],[0.030896,0.99949,0.000016,-1066236.125,0.99949,-0.030896,0.000011,1114678.625,0.000011,0.000015,-0.999968,35965.726562],[-1.000071,0.009915,-0.000012,-2421611.5,0.009915,1.000072,-0.000037,58519.046875,0.000012,-0.000037,-1.000121,35960.050781],[0.999923,-0.019516,0.000005,30593.580078,-0.019516,-0.999923,-0.000039,-295118.65625,0.000005,0.000039,-1.000114,35964.496094],[-0.004052,-1.000059,-0.000124,-1358564.75,-1.000059,0.004052,-0.00003,-1337936,0.00003,0.000124,-1.000068,36007.867188],[-0.03073,-0.999513,0.000017,-1427701.875,-0.999513,0.03073,-0.000011,-1377438.375,0.000011,-0.000017,-0.999985,26700.023438],[1.000044,-0.000159,0.000003,-3466.416748,0.000159,1.000044,0,7196.073242,-0.000003,0,1.000044,86.109375],[1.000128,-0.000009,0.000016,-15221.011719,0.000009,1.000128,0.000003,5593.345703,-0.000016,-0.000003,1.000128,68.626221],[1.000027,0.000047,0.000015,-28654.279297,-0.000047,1.000027,-0.000012,1674.749023,-0.000015,0.000012,1.000027,73.486084],[-0.999548,0.030681,-0.000032,-2476874.5,0.030681,0.999548,0.000002,39296.496094,0.000032,0.000001,-1.000019,26729.333984],[-0.999639,0.030636,-0.000014,-2474000.5,0.030636,0.999639,0.000004,39208.566406,0.000015,0.000003,-1.000108,26709.771484],[-0.999473,0.030594,-0.000003,-2470814.75,0.030594,0.999473,0.000001,39085.40625,0.000003,0,-0.999942,26692.974609],[0.999542,-0.030642,0.00001,-14826.051758,-0.030642,-0.999542,-0.000003,-347969.9375,0.00001,0.000002,-1.000012,26703.109375],[-0.999835,0.030782,-0.000007,-2464421.25,0.030782,0.999835,0.000015,44921.746094,0.000008,0.000015,-1.000309,26705.982422],[-1.000139,-0.00007,-0.000018,-2483449,0.00007,-1.000139,0.00001,-314075.4375,-0.000018,0.00001,1.000139,5287.519531],[0.999572,-0.030644,0.00001,-29039.039062,-0.030644,-0.999572,-0.000003,-351758.53125,0.00001,0.000003,-1.000042,31923.777344],[0.999645,-0.030614,0.000001,-25925.707031,-0.030614,-0.999645,-0.000002,-351779.34375,0.000001,0.000002,-1.000113,31912.990234],[-1.000071,-0.000012,-0.000028,-2476330.25,0.000012,-1.000071,-0.000005,-311850.78125,-0.000028,-0.000005,1.000071,4483.460449],[0.999927,-0.000173,0.000022,-28896.898438,0.000173,0.999927,0.000001,5975.495117,-0.000022,-0.000001,0.999927,4493.453125],[-0.030639,-0.999412,0.000006,-1410620.5,-0.999412,0.030639,-0.000013,-1379581.875,0.000012,-0.000006,-0.999881,31862.65625],[-1.000087,0.000026,-0.000034,-2460079.5,-0.000026,-1.000087,-0.000002,-315384.84375,-0.000034,-0.000002,1.000087,5206.162109],[0.999516,-0.030674,-0.000005,-5831.993652,-0.030674,-0.999516,-0.000002,-352985.5,-0.000004,0.000003,-0.999987,31844.806641],[0.999671,-0.03059,0.000024,-2636.133301,-0.03059,-0.999671,-0.000003,-352953.15625,0.000024,0.000002,-1.000139,31881.787109],[0.999489,-0.030701,-0.000004,5501.272461,-0.030701,-0.999489,-0.000002,-353188.5625,-0.000004,0.000002,-0.999961,31844.570312],[-1.000068,0.000069,-0.000002,-2472677,-0.000069,-1.000068,-0.000041,-314600.25,-0.000002,-0.000041,1.000068,9140.394531],[-0.999999,0.000102,-0.000018,-2474871.75,-0.000102,-0.999999,-0.00004,-314594.8125,-0.000018,-0.00004,0.999999,9121.988281],[-0.999535,0.03061,-0.000003,-2468414,0.03061,0.999535,0.000002,42866.539062,0.000003,0.000002,-1.000003,35754.398438],[0.999531,-0.030657,0.000006,-19981.986328,-0.030657,-0.999531,-0.000002,-349769.15625,0.000006,0.000002,-1.000001,35757.84375],[1.000118,-0.000115,-0.000005,-19376.902344,0.000115,1.000118,0.000031,8696.157227,0.000005,-0.000031,1.000118,9149.498047],[-0.99959,0.030638,-0.000015,-2474654,0.030638,0.99959,0.000003,46164.078125,0.000015,0.000003,-1.000059,36369.25],[-0.999535,0.030625,-0.000003,-2477593.25,0.030625,0.999535,0.000003,46185.261719,0.000003,0.000003,-1.000004,36354.566406],[1.000041,-0.000094,0.00002,22651.568359,0.000094,1.000041,0.00004,3172.158203,-0.00002,-0.00004,1.000041,9668.417969]],[],[[-1.000118,-0.000136,0.000013,-2456782.25,0.000136,-1.000119,-0.000003,-317340.3125,0.000013,-0.000003,1.000119,13.683838],[0.999978,0.000131,-0.000011,-11847.845703,-0.000131,0.999978,0.000018,10374.807617,0.000011,-0.000018,0.999978,10.672363],[0.999829,0.000137,0.000017,-8010.92334,-0.000137,0.999829,0.000008,10281.276367,-0.000017,-0.000008,0.999829,-19.346436],[-0.999941,-0.000133,0.000013,-2453453.25,0.000133,-0.999941,0.000002,-306074.90625,0.000013,0.000002,0.999941,16.92627],[0.030627,0.999651,-0.000051,-1011887,0.999651,-0.030627,-0.000017,1071318.5,-0.000019,-0.00005,-1.00012,26600.486328],[0.999992,0.000282,0.000005,24170.730469,-0.000282,0.999992,0.000011,8743.829102,-0.000005,-0.000011,0.999992,21.819336],[-1.000059,-0.000077,0.000008,-2432563.75,0.000077,-1.000059,0.000004,-308311.34375,0.000008,0.000004,1.000059,40.263672],[0.999826,0.000108,0.000016,23835.244141,-0.000108,0.999826,0,2170.449463,-0.000016,0,0.999826,12.532715],[-1.000122,-0.000148,0.000014,-2432755.75,0.000148,-1.000122,-0.000011,-314995.4375,0.000014,-0.000011,1.000122,43.960938],[0.999855,0.000154,-0.000003,15970.651367,-0.000154,0.999855,-0.000018,8452.083008,0.000003,0.000018,0.999855,8.671875],[-0.999923,-0.000092,0.000009,-2440410.5,0.000092,-0.999923,-0.000006,-308699.09375,0.000009,-0.000006,0.999923,11.095703],[1.000127,0.000154,0.000007,4334.34375,-0.000154,1.000127,0.000005,9118.641602,-0.000007,-0.000005,1.000127,-10.781494],[-0.999945,-0.000027,-0.000004,-2452396.5,0.000027,-0.999945,0.000001,-308158.25,-0.000004,0.000001,0.999945,-4.402832],[0.000236,1.000155,0.000022,-1063327,-1.000155,0.000236,0.000013,-1382843.5,0.000013,-0.000022,1.000155,10.664167],[0.99997,0.00014,-0.000013,-15965.580078,-0.00014,0.99997,-0.000009,3415.949707,0.000013,0.000009,0.99997,17.522217],[-0.030578,-0.999452,0.000019,-1453029.125,-0.999452,0.030578,0.000018,-1375254.5,-0.000018,-0.000019,-0.99992,31003.773438],[-0.000018,0.999874,-0.000021,-1094114.75,-0.999874,-0.000018,0.00002,-1380690.875,0.00002,0.000021,0.999874,4459.244629],[1.00009,0.000149,-0.000015,20008.984375,-0.000149,1.00009,0.000006,2668.208984,0.000015,-0.000006,1.00009,4446.838867],[0.030671,0.99936,-0.000015,-1009674.625,0.99936,-0.030671,-0.000012,1071502.875,-0.000012,-0.000015,-0.999831,31010.529297],[0.030387,0.999513,0.000006,-1016833.5,0.999513,-0.030387,-0.000017,1070024,-0.000017,0.000007,-0.999975,31009.734375],[0.03054,0.99949,0.000005,-1022295.9375,0.99949,-0.03054,-0.000014,1072010.875,-0.000014,0.000006,-0.999957,31012.835938],[0.030601,0.999448,-0.000057,-1049428,0.999448,-0.030601,-0.000012,1071589.875,-0.000014,-0.000056,-0.999916,31003.289062],[0.030573,0.999473,-0.000017,-1053478.25,0.999473,-0.030573,-0.000014,1071707.25,-0.000015,-0.000017,-0.999941,31008.095703],[-0.000046,-0.999821,0.000051,-1412489.25,0.999821,-0.000046,-0.000012,1077042.875,0.000012,0.000051,0.999821,4455.020508],[0.000016,-0.999861,0.000022,-1367494,0.999861,0.000016,-0.000019,1077032.625,0.000019,0.000022,0.999861,4458.600098],[0.999949,0.000094,-0.000006,22268.246094,-0.000094,0.999949,0.000001,7470.374512,0.000006,-0.000001,0.999949,4437.535156],[0.999861,0.000125,-0.000001,-6620.330566,-0.000125,0.999861,-0.000007,7393.631836,0.000001,0.000007,0.999861,4433.724121],[-0.999905,-0.000178,0.000005,-2462995.75,0.000178,-0.999905,-0.000008,-309685.34375,0.000005,-0.000008,0.999905,4436.57666],[1.000009,0.00017,0.000009,-29229.474609,-0.00017,1.000009,-0.000006,3193.490967,-0.000009,0.000006,1.000009,9039.845703],[-1.000014,-0.000073,0.000004,-2485911,0.000073,-1.000014,0.000014,-314001,0.000004,0.000014,1.000014,9056.856445],[-1.000085,-0.000124,0.000015,-2481350.25,0.000124,-1.000085,-0.00001,-314028.0625,0.000015,-0.00001,1.000085,9065.504883],[1.000013,0.000046,0.000006,-24588.712891,-0.000046,1.000013,0.000014,3265.692139,-0.000006,-0.000014,1.000013,9039.837891],[-0.999984,-0.000121,0.000004,-2475137,0.000121,-0.999984,-0.000012,-309695.84375,0.000004,-0.000012,0.999984,9053.591797],[-0.999816,-0.000185,-0.000009,-2472955,0.000185,-0.999816,-0.000001,-309628.03125,-0.000009,-0.000001,0.999816,9041.635742],[-0.000014,0.999842,-0.000023,-1078168.625,-0.999842,-0.000014,0.000008,-1381676.625,0.000008,0.000023,0.999842,9064.97168],[-0.999841,-0.000141,0.000002,-2457049.25,0.000141,-0.999841,0.000018,-314330.5,0.000002,0.000018,0.999841,9056.953125],[0.000195,1.000133,0.000023,-1051308.625,-1.000133,0.000195,0.000003,-1384466.75,0.000003,-0.000023,1.000133,9048.808594],[0.000207,0.999989,-0.000047,-1057911.375,-0.999989,0.000207,0.000009,-1384238.125,0.000009,0.000047,0.999989,9068.462891],[-0.000066,0.999918,-0.000069,-1070264.25,-0.999918,-0.000066,0.000014,-1384002.125,0.000014,0.000069,0.999918,9079.43457],[0.030675,0.999403,-0.000082,-1050500.875,0.999403,-0.030675,-0.000017,1071601.875,-0.000019,-0.000082,-0.999873,35611.757812],[0.999948,0.000122,-0.000009,-18696.154297,-0.000122,0.999948,0.000001,-929.18219,0.000009,-0.000001,0.999948,9061.80957],[-0.999829,-0.00016,0.000002,-2475081.75,0.00016,-0.999829,-0.000009,-318035.65625,0.000002,-0.000009,0.999829,9053.115234],[0.999859,0.00019,0.000008,-18732.992188,-0.00019,0.999859,-0.000016,2972.919922,-0.000008,0.000016,0.999859,9045.145508],[-0.999728,-0.000209,-0.000006,-2474905,0.000209,-0.999728,0.000019,-313960.3125,-0.000006,0.000019,0.999728,9049.361328],[1.00017,0.000106,-0.000011,-24447.933594,-0.000106,1.00017,0.000018,-781.782837,0.000011,-0.000018,1.00017,9058.490234],[-0.999901,-0.000056,-0.000006,-2481175.25,0.000056,-0.999901,-0.000005,-318081.375,-0.000006,-0.000005,0.999901,9042.577148],[-0.999774,-0.000048,0.000002,-2485674,0.000048,-0.999774,0.000001,-318000.5,0.000002,0.000001,0.999774,9055.130859],[1.000027,0.000076,-0.000001,-29282.962891,-0.000076,1.000027,0.000019,-696.064453,0.000001,-0.000019,1.000027,9047.984375],[-0.000183,-1.00004,0.000004,-1403819.5,1.00004,-0.000183,-0.000003,1077187.375,0.000003,0.000004,1.00004,9053.359375],[-0.000139,0.999811,-0.000074,-1054372.5,-0.999811,-0.000139,0.000016,-1384133.375,0.000016,0.000074,0.999811,9084.135742],[-0.000295,1.00002,-0.000041,-1083997.625,-1.00002,-0.000295,0.000013,-1377642.625,0.000013,0.000041,1.00002,9721.847656],[0.000003,1.000295,0.000043,-1079606.25,-1.000295,0.000003,0.000008,-1377994.375,0.000008,-0.000043,1.000295,9699.003906],[0.030664,0.999483,-0.000079,-1042072.6875,0.999483,-0.030664,-0.00001,1073480.5,-0.000012,-0.000078,-0.999954,36271.773438],[0.000019,0.999963,-0.000005,-1043739.875,-0.999963,0.000019,0.000016,-1379455.125,0.000016,0.000005,0.999963,9721.102539],[-0.000059,-0.999781,0.000051,-1361284.875,0.999781,-0.000059,-0.000013,1076833.25,0.000013,0.000051,0.999781,9726.671875],[-0.999843,-0.000116,-0.000001,-2490897.25,0.000116,-0.999843,-0.000016,-261125.34375,-0.000001,-0.000016,0.999843,9348.243164],[0.999853,0.000123,0,-34617.886719,-0.000123,0.999853,0.000013,56020.917969,0,-0.000013,0.999853,9349.561523],[-0.000188,0.99995,-0.000039,-1104343.25,-0.99995,-0.000188,0.000015,-1336374.125,0.000015,0.000039,0.99995,9375.209961],[0.999808,-0.015321,-0.000018,31118.410156,0.015321,0.999808,-0.000002,65117.210938,0.000018,0.000001,0.999925,9373.368164],[-0.999847,0.015251,0.000029,-2420489.5,-0.015251,-0.999847,0.00001,-289869.4375,0.00003,0.00001,0.999964,9388.310547],[-0.005382,0.999843,-0.00004,-1042805.375,0.999843,0.005382,-0.000018,1122541.375,-0.000017,-0.00004,-0.999857,35920.414062],[0.030368,0.999413,0.000002,-1035850.5625,0.999413,-0.030368,-0.000014,1071014.625,-0.000014,0.000003,-0.999874,26671.980469],[0.000137,0.999959,-0.000043,-1078800.5,-0.999959,0.000137,0.000011,-1379896,0.000011,0.000043,0.999959,110.905457],[0.030768,0.999733,-0.000057,-1044708.0625,0.999733,-0.030768,-0.00001,1071489.5,-0.000012,-0.000057,-1.000207,26669.097656],[-1.000051,-0.000139,0.000009,-2474973.75,0.000139,-1.000051,-0.00001,-314307.84375,0.000009,-0.00001,1.000051,9159.018555],[-1.000012,-0.000124,0.000011,-2485155,0.000124,-1.000012,-0.000015,-311067.53125,0.000011,-0.000015,1.000012,4441.064453],[0.030768,0.999489,-0.000014,-1045926.375,0.999489,-0.030768,-0.000019,1073532.25,-0.000019,-0.000014,-0.999963,36273.902344],[1.000117,0.000124,-0.000018,22779.90625,-0.000124,1.000117,0.000014,2915.94458,0.000018,-0.000014,1.000117,9718.307617],[-1.000005,-0.000025,-0.000008,-2434008.75,0.000025,-1.000005,-0.000015,-314407.5,-0.000008,-0.000015,1.000005,9688.304688]],[],[],[[-1.000041,-0.000012,0.000014,-2432521.5,0.000012,-1.000041,0.000001,-307739.8125,0.000014,0.000001,1.000041,47.403564]],[[0.999887,-0.000454,0.000076,-16170.904297,0.000454,0.999887,-0.000003,3532.943359,-0.000076,0.000003,0.999887,-91.163818],[0.030821,0.999289,-0.000016,-1028047.75,0.999289,-0.030821,0.000008,1075028.375,0.000007,-0.000016,-0.999764,26603.384766],[-0.999388,0.031367,0.000019,-2432002.5,0.031367,0.999388,-0.000001,37583.636719,-0.000019,0,-0.99988,26604.824219],[-0.999351,0.031146,0.003308,-2426908.25,0.031146,0.999357,-0.000058,39089.90625,-0.003308,0.000045,-0.999836,22571.521484],[-0.030807,-0.9993,0.000033,-1400936.875,-0.9993,0.030807,0.000005,-1378525.375,-0.000006,-0.000033,-0.999775,31014.347656],[-0.99992,0.000366,-0.000071,-2436904.25,-0.000366,-0.99992,-0.000003,-307718.28125,-0.000071,-0.000003,0.99992,4343.943848],[0.999426,-0.031304,-0.000003,-26996.337891,-0.031304,-0.999426,0.000003,-344273.59375,-0.000003,-0.000003,-0.999916,31024.412109],[0.030807,0.999366,-0.000044,-1057617.375,0.999361,-0.030807,-0.003337,1071172.5,-0.003337,0.000059,-0.999836,26938.785156],[0.030796,0.999237,-0.000084,-1056751.5,0.999231,-0.030797,-0.003335,1069989.75,-0.003336,0.000019,-0.999706,26931.556641],[-0.999379,0.030974,0.000037,-2475581.75,0.030974,0.999379,0.000009,39123.070312,-0.000037,0.00001,-0.999859,35604.277344],[0.999732,-0.000967,-0.003248,18893.132812,0.000967,0.999738,0.000043,-787.945312,0.003248,-0.000046,0.999733,13035.841797],[-0.999352,0.031163,0.00331,-2469573,0.031163,0.999357,-0.000056,37170.886719,-0.00331,0.000047,-0.999838,31589.580078],[0.030976,0.999392,-0.000033,-1045937.8125,0.999386,-0.030976,-0.003333,1073421.75,-0.003333,0.00007,-0.999866,32215.808594],[0.999841,-0.000611,0.000018,-3294.886475,0.000611,0.999841,-0.000005,3308.158203,-0.000018,0.000005,0.999842,70.910034],[0.0308,0.999397,-0.000047,-1039166.75,0.999392,-0.0308,-0.003333,1071023.875,-0.003333,0.000056,-0.999866,22602.820312],[0.030943,0.999471,0.000005,-1044776.9375,0.999471,-0.030943,0.000016,1069281.625,0.000017,0.000005,-0.99995,35770.355469],[0.999818,-0.000726,-0.000082,-9136.462891,0.000726,0.999818,-0.000007,1671.583984,0.000082,0.000007,0.999819,9254.209961],[0.030829,0.999582,0.000012,-1055465.875,0.999582,-0.030829,0.000004,1069852.25,0.000004,0.000012,-1.000057,31127.818359],[-0.999321,0.031403,-0.000023,-2436843.5,0.031403,0.999321,-0.000003,39179.289062,0.000023,-0.000004,-0.999814,31144.748047],[0.99948,-0.031333,-0.003369,-11969.194336,-0.031333,-0.999486,0.000064,-344090.8125,-0.003369,0.000042,-0.999971,26898.195312]],[[-1.000037,-0.000029,0.000002,-2456529.5,0.000029,-1.000037,0.000002,-308652.21875,0.000002,0.000002,1.000037,2.484375],[0.031037,0.999568,0.000012,-1051805.5,0.999568,-0.031037,0.000013,1071570.375,0.000014,0.000011,-1.00005,26619.291016],[1.000035,0.00007,-0.000014,8159.337891,-0.00007,1.000035,-0.000012,6679.374023,0.000014,0.000012,1.000035,19.096191],[0.999965,0.000027,0.000028,18845.322266,-0.000027,0.999965,0,-887.283936,-0.000028,0,0.999965,-3.605469],[1.000047,-0.000021,0.000015,24065.742188,0.000021,1.000047,0,967.636719,-0.000015,0,1.000047,11.139404],[-0.999943,0.000156,0.000057,-2432375.25,-0.000156,-0.999943,0.000015,-307930.1875,0.000057,0.000015,0.999943,103.462158],[-0.030655,-0.999581,-0.000006,-1440728.75,-0.999581,0.030655,-0.000012,-1375590.75,0.000012,0.000005,-1.000051,31046.447266],[-0.030832,-0.999598,0.000025,-1436958,-0.999598,0.030832,-0.000017,-1375645.375,0.000016,-0.000025,-1.000073,31046.847656],[-0.030751,-0.999509,-0.000002,-1400899.625,-0.999509,0.030751,-0.00001,-1378790.625,0.00001,0.000002,-0.999982,31042.353516],[1.000075,0.00031,0.000048,19468.160156,-0.00031,1.000075,-0.000005,-2303.834717,-0.000048,0.000005,1.000076,8991.451172],[0.999999,0.00001,0.000029,17596.125,-0.00001,0.999999,0.000017,2252.092041,-0.000029,-0.000017,0.999999,51.282471],[-0.030658,-0.99961,-0.000006,-1414484.875,-0.99961,0.030658,-0.00001,-1374922.5,0.000011,0.000005,-1.00008,26704.851562],[-0.030635,-0.99956,0.000098,-1404369.75,-0.99956,0.030635,-0.000009,-1376880.75,0.000006,-0.000098,-1.000029,35742.304688],[-0.03073,-0.999537,0.000096,-1407626.25,-0.999537,0.03073,-0.000013,-1376789.875,0.00001,-0.000096,-1.000009,35747.226562],[-0.030996,-0.99951,0.000064,-1410648,-0.99951,0.030996,-0.000012,-1376674.75,0.00001,-0.000065,-0.999991,35751.652344],[-0.030688,-0.999651,-0.000001,-1422231.625,-0.999651,0.030688,-0.000009,-1376711.375,0.000009,0.000001,-1.000122,35763.4375],[0.030706,0.999542,-0.000098,-1029838.375,0.999542,-0.030706,0.000013,1069426,0.00001,-0.000099,-1.000013,31117.712891],[-0.031005,-0.999502,0.000064,-1426257.625,-0.999502,0.031005,-0.000014,-1376422.75,0.000012,-0.000065,-0.999982,35754.210938],[-0.030782,-0.999508,0.000025,-1417087.625,-0.999508,0.030782,-0.000009,-1376601.375,0.000009,-0.000025,-0.999982,35756.433594],[-0.030766,-0.999487,-0.000001,-1412751.625,-0.999487,0.030766,-0.000012,-1376644.125,0.000012,0,-0.99996,35763.667969]],[],[],[[0.000066,-0.999905,0.000021,-1367523.875,0.999905,0.000066,0.000002,1098026.125,-0.000002,0.000021,0.999905,9341.716797],[0.000415,0.030072,-0.999568,-1147072.875,-0.015397,-0.999449,-0.030074,-283503.375,-0.999902,0.015402,0.000048,-1216493.125],[-0.001238,-0.077885,-0.996933,-1291579.625,-0.015354,-0.996814,0.077894,-282392.21875,-0.999852,0.015403,0.000038,-1216431.125],[-0.000578,-0.034256,-0.999375,-1241043.5,-0.015389,-0.999256,0.034261,-288324.5,-0.999843,0.0154,0.00005,-1218671.125],[0.015351,0.999895,-0.015333,-1051346,-0.000224,-0.015331,-1.000013,-108384.429688,-1.000013,0.015352,-0.000011,-1216638],[0.000001,0.00004,-1.000082,-1186816.375,-0.015402,-0.999963,-0.00004,-288530.21875,-0.999963,0.015402,0,-1216568.875],[-0.000364,-0.031199,0.999476,-1184796.125,0.015384,0.999358,0.031201,69562.117188,-0.999844,0.015388,0.000116,-1216424.875],[0.000999,0.061334,0.998143,-1296718.25,0.015372,0.998025,-0.061342,72707.03125,-0.999908,0.015404,0.000054,-1216500],[0.015408,1.000036,-0.015435,-1051050.875,-0.000248,-0.015433,-1.000155,-85590.078125,-1.000155,0.01541,0.000011,-1216807.125],[0.000027,-0.999837,0.000031,-1398212.875,0.999837,0.000027,-0.000007,1149025.25,0.000007,0.000031,0.999837,14625.418945],[-0.999978,0.00002,0.00008,-2410605,-0.00002,-0.999978,0.00002,-249315.921875,0.00008,0.00002,0.999978,14712.679688],[-0.000087,-1.000061,0.000002,-1315747,1.000061,-0.000087,-0.000001,1130188,0.000001,0.000002,1.000061,14610.609375],[-0.997587,0.06983,-0.000056,-2407093,-0.06983,-0.997587,-0.000003,-355883.21875,-0.000056,0.000001,1.000028,14540.407227],[-0.999894,-0.000056,0.000051,-2465031.25,0.000056,-0.999894,0.00001,-269907.90625,0.000051,0.00001,0.999894,14676.431641],[-1.000035,-0.000082,0.000045,-2493540.5,0.000082,-1.000035,0.000014,-269317.90625,0.000045,0.000014,1.000035,14667.764648],[0.997952,0.062548,0.000086,-40065.761719,-0.062548,0.997952,0.000012,-41137.851562,-0.000085,-0.000018,0.99991,14502.586914],[0.000239,0.0153,-1.000008,-1232591.125,0.015395,0.99989,0.015301,49872.242188,1.000007,-0.015397,0.000003,1270603.75],[0.000052,-0.002688,-0.999958,-1195584.25,0.015396,0.999839,-0.002687,73034.445312,0.999843,-0.015396,0.000093,1265418.625],[-0.000017,0.002644,1.00003,-1222211,-0.015398,-0.999911,0.002643,-289207.78125,0.999915,-0.015398,0.000058,1266058.25],[0.999905,0.000057,-0.000031,36916.585938,-0.000057,0.999905,-0.000005,-4815.009766,0.000031,0.000005,0.999905,9120.166992],[-0.000174,-0.015372,0.999915,-1223796,-0.015391,-0.999796,-0.015373,-323981.09375,0.999914,-0.015392,-0.000063,1264960.5]],[],[[0.99999,-0.000032,-0.000025,12218.510742,0.000032,0.999991,-0.000005,952.104492,0.000025,0.000005,0.999991,31.213867],[-1.000044,0.00005,0.000031,-2428067.5,-0.00005,-1.000044,0.000003,-305196.53125,0.000031,0.000003,1.000044,37.057861],[0.000006,-1.000052,-0.000002,-1362206.75,1.000052,0.000006,-0.000009,1068054.875,0.000009,-0.000002,1.000052,10.150122],[0.000245,0.015324,0.99988,-1226914.125,0.015357,0.999762,-0.015326,20528.773438,-0.99988,0.015359,0.000009,-1203960.75],[0.000288,0.015347,0.99989,-1237521.75,0.015357,0.999772,-0.01535,23974.583984,-0.99989,0.01536,0.000053,-1203973.75],[0.000224,0.01532,0.999914,-1235488.75,0.015358,0.999796,-0.015322,23946.648438,-0.999913,0.01536,-0.000011,-1204001.125],[-1.000036,-0.000008,-0.000021,-2428014,0.000008,-1.000036,-0.00001,-307071.375,-0.000021,-0.00001,1.000036,4932.693359],[0.000222,0.015299,-0.999861,-1199961.875,0.01536,0.999743,0.015301,20115.902344,0.99986,-0.015362,-0.000013,1240616.625],[0.000247,0.015338,0.999876,-1227261.75,0.015359,0.999758,-0.01534,20535.714844,-0.999876,0.015361,0.000011,-1203955.875],[0.000001,-1.000066,-0.000048,-1368906.125,1.000066,0.000001,-0.000003,1069813.875,0.000003,-0.000048,1.000066,4755.133789],[0.000004,1.000036,0.000023,-1064226.875,-1.000036,0.000004,0.000006,-1372057.75,0.000006,-0.000023,1.000036,9343.087891],[-0.000037,-0.999935,-0.000016,-1368656.375,0.999935,-0.000037,0,1068131.125,0,-0.000016,0.999935,9338.987305],[-1.000008,0.000016,-0.000025,-2438243,-0.000016,-1.000008,-0.000005,-268337.4375,-0.000025,-0.000005,1.000008,9698.984375],[-0.000026,-0.000005,-0.999997,-1204012.625,-0.999879,0.015364,0.000026,-1335500.375,0.015364,0.999879,-0.000005,194139.765625],[-0.000001,-1.000035,-0.000038,-1378234,1.000035,-0.000001,0,1102903.125,0,-0.000038,1.000035,10173.666992],[-0.000003,-1.000029,-0.000015,-1375969.75,1.000029,-0.000003,-0.000006,1102373.375,0.000006,-0.000015,1.000029,10184.283203],[0.999738,-0.015417,0.015367,8971.901367,-0.015365,0.000236,0.999857,-133321.953125,-0.015418,-0.999856,-0.000001,-147502.296875],[0.015361,0.999788,-0.015312,-1055174.875,-0.000236,-0.01531,-0.999906,-89615.867188,-0.999905,0.015363,0.000001,-1194361.125],[-0.999765,0.015398,0.015352,-2443801.5,0.015351,-0.000237,0.999884,-95643.890625,0.0154,0.999883,0.000001,194634.09375],[-0.015337,-0.999339,0.032494,-1402331.5,0.00051,0.03249,0.999457,-108760.3125,-0.999867,0.015346,0.000012,-1194317.5],[0.015334,0.999289,0.034273,-1079068.25,-0.000527,-0.034269,0.999406,-119588.84375,0.999876,-0.015343,0.000001,1241478.75],[-0.99939,0.015362,-0.034211,-2465777.75,0.034207,-0.000531,-0.999508,-44755.59375,-0.015371,-0.999975,0.000005,-147562.359375],[-0.01535,-0.999417,0.030106,-1370600.25,-0.000474,-0.030103,-0.999535,-106094.484375,0.99987,-0.015357,-0.000011,1243319.25],[-0.015348,-0.999374,0.031129,-1370870.75,-0.000483,-0.031125,-0.999492,-93043.179688,0.999859,-0.0153